1
1001
501
901
1101
1202
502
902
702
1003
1203
803
603
1102
1303
504
1204
604
1103
804
1301
1201
1104
903
1002
1302
1105
904
1205
802
1004
3
602
403
1108
605
703
506
405
704
1111
507
1305
406
508
1007
205
607
407
1008
608
510
1307
306
905
1009
409
1010
708
609
410
906
1308
308
1011
512
412
807
513
611
1012
110
413
1310
710
13
907
514
808
1311
1114
515
809
1312
711
613
712
415
1314
713
714
113
517
615
715
1315
115
1316
617
214
1223
911
419
520
1317
316
1224
1016
521
1225
815
913
1017
816
717
619
21
1320
817
1018
1227
719
1120
720
916
917
623
1020
819
24
1021
624
525
918
1230
425
1022
321
1122
1231
426
1023
820
322
1324
1232
821
722
323
626
822
920
224
429
627
922
